graph 325 612
1 1 2
2 1 19
3 2 3
4 2 20
5 3 4
6 3 21
7 4 5
8 4 22
9 5 6
10 5 23
11 6 7
12 6 24
13 7 8
14 7 25
15 8 9
16 8 26
17 9 10
18 9 27
19 10 11
20 10 28
21 11 12
22 11 29
23 12 13
24 12 30
25 13 14
26 13 31
27 14 15
28 14 32
29 15 16
30 15 33
31 16 17
32 16 34
33 17 18
34 17 35
35 18 36
36 19 20
37 19 37
38 20 21
39 20 38
40 21 22
41 21 39
42 22 23
43 22 40
44 23 24
45 23 41
46 24 25
47 24 42
48 25 26
49 25 43
50 26 27
51 26 44
52 27 28
53 27 45
54 28 29
55 28 46
56 29 30
57 29 47
58 30 31
59 30 48
60 31 32
61 31 49
62 32 33
63 32 50
64 33 34
65 33 51
66 34 35
67 34 52
68 35 36
69 35 53
70 36 54
71 37 38
72 37 55
73 38 39
74 38 56
75 39 40
76 39 57
77 40 41
78 40 58
79 41 42
80 41 59
81 42 43
82 42 60
83 43 44
84 43 61
85 44 45
86 44 62
87 45 46
88 45 63
89 46 47
90 46 64
91 47 48
92 47 65
93 48 49
94 48 66
95 49 50
96 49 67
97 50 51
98 50 68
99 51 52
100 51 69
101 52 53
102 52 70
103 53 54
104 53 71
105 54 72
106 55 56
107 55 73
108 56 57
109 56 74
110 57 58
111 57 75
112 58 59
113 58 76
114 59 60
115 59 77
116 60 61
117 60 78
118 61 62
119 61 79
120 62 63
121 62 80
122 63 64
123 63 81
124 64 65
125 64 82
126 65 66
127 65 83
128 66 67
129 66 84
130 67 68
131 67 85
132 68 69
133 68 86
134 69 70
135 69 87
136 70 71
137 70 88
138 71 72
139 71 89
140 72 90
141 73 74
142 73 91
143 74 75
144 74 92
145 75 76
146 75 93
147 76 77
148 76 94
149 77 78
150 77 95
151 78 79
152 78 96
153 79 80
154 79 97
155 80 81
156 80 98
157 81 82
158 81 99
159 82 83
160 82 100
161 83 84
162 83 101
163 84 85
164 84 102
165 85 86
166 85 103
167 86 87
168 86 104
169 87 88
170 87 105
171 88 89
172 88 106
173 89 90
174 89 107
175 90 108
176 91 92
177 91 109
178 92 93
179 92 110
180 93 94
181 93 111
182 94 95
183 94 112
184 95 96
185 95 113
186 96 97
187 96 114
188 97 98
189 97 115
190 98 99
191 98 116
192 99 100
193 99 117
194 100 101
195 100 118
196 101 102
197 101 119
198 102 103
199 102 120
200 103 104
201 103 121
202 104 105
203 104 122
204 105 106
205 105 123
206 106 107
207 106 124
208 107 108
209 107 125
210 108 126
211 109 110
212 109 127
213 110 111
214 110 128
215 111 112
216 111 129
217 112 113
218 112 130
219 113 114
220 113 131
221 114 115
222 114 132
223 115 116
224 115 133
225 116 117
226 116 134
227 117 118
228 117 135
229 118 119
230 118 136
231 119 120
232 119 137
233 120 121
234 120 138
235 121 122
236 121 139
237 122 123
238 122 140
239 123 124
240 123 141
241 124 125
242 124 142
243 125 126
244 125 143
245 126 144
246 127 128
247 127 145
248 128 129
249 128 146
250 129 130
251 129 147
252 130 131
253 130 148
254 131 132
255 131 149
256 132 133
257 132 150
258 133 134
259 133 151
260 134 135
261 134 152
262 135 136
263 135 153
264 136 137
265 136 154
266 137 138
267 137 155
268 138 139
269 138 156
270 139 140
271 139 157
272 140 141
273 140 158
274 141 142
275 141 159
276 142 143
277 142 160
278 143 144
279 143 161
280 144 162
281 145 146
282 145 163
283 146 147
284 146 164
285 147 148
286 147 165
287 148 149
288 148 166
289 149 150
290 149 167
291 150 151
292 150 168
293 151 152
294 151 169
295 152 153
296 152 170
297 153 154
298 153 171
299 154 155
300 154 172
301 155 156
302 155 173
303 156 157
304 156 174
305 157 158
306 157 175
307 158 159
308 158 176
309 159 160
310 159 177
311 160 161
312 160 178
313 161 162
314 161 179
315 162 180
316 163 164
317 163 181
318 164 165
319 164 182
320 165 166
321 165 183
322 166 167
323 166 184
324 167 168
325 167 185
326 168 169
327 168 186
328 169 170
329 169 187
330 170 171
331 170 188
332 171 172
333 171 189
334 172 173
335 172 190
336 173 174
337 173 191
338 174 175
339 174 192
340 175 176
341 175 193
342 176 177
343 176 194
344 177 178
345 177 195
346 178 179
347 178 196
348 179 180
349 179 197
350 180 198
351 181 182
352 181 199
353 182 183
354 182 200
355 183 184
356 183 201
357 184 185
358 184 202
359 185 186
360 185 203
361 186 187
362 186 204
363 187 188
364 187 205
365 188 189
366 188 206
367 189 190
368 189 207
369 190 191
370 190 208
371 191 192
372 191 209
373 192 193
374 192 210
375 193 194
376 193 211
377 194 195
378 194 212
379 195 196
380 195 213
381 196 197
382 196 214
383 197 198
384 197 215
385 198 216
386 199 200
387 199 217
388 200 201
389 200 218
390 201 202
391 201 219
392 202 203
393 202 220
394 203 204
395 203 221
396 204 205
397 204 222
398 205 206
399 205 223
400 206 207
401 206 224
402 207 208
403 207 225
404 208 209
405 208 226
406 209 210
407 209 227
408 210 211
409 210 228
410 211 212
411 211 229
412 212 213
413 212 230
414 213 214
415 213 231
416 214 215
417 214 232
418 215 216
419 215 233
420 216 234
421 217 218
422 217 235
423 218 219
424 218 236
425 219 220
426 219 237
427 220 221
428 220 238
429 221 222
430 221 239
431 222 223
432 222 240
433 223 224
434 223 241
435 224 225
436 224 242
437 225 226
438 225 243
439 226 227
440 226 244
441 227 228
442 227 245
443 228 229
444 228 246
445 229 230
446 229 247
447 230 231
448 230 248
449 231 232
450 231 249
451 232 233
452 232 250
453 233 234
454 233 251
455 234 252
456 235 236
457 235 253
458 236 237
459 236 254
460 237 238
461 237 255
462 238 239
463 238 256
464 239 240
465 239 257
466 240 241
467 240 258
468 241 242
469 241 259
470 242 243
471 242 260
472 243 244
473 243 261
474 244 245
475 244 262
476 245 246
477 245 263
478 246 247
479 246 264
480 247 248
481 247 265
482 248 249
483 248 266
484 249 250
485 249 267
486 250 251
487 250 268
488 251 252
489 251 269
490 252 270
491 253 254
492 253 271
493 254 255
494 254 272
495 255 256
496 255 273
497 256 257
498 256 274
499 257 258
500 257 275
501 258 259
502 258 276
503 259 260
504 259 277
505 260 261
506 260 278
507 261 262
508 261 279
509 262 263
510 262 280
511 263 264
512 263 281
513 264 265
514 264 282
515 265 266
516 265 283
517 266 267
518 266 284
519 267 268
520 267 285
521 268 269
522 268 286
523 269 270
524 269 287
525 270 288
526 271 272
527 271 289
528 272 273
529 272 290
530 273 274
531 273 291
532 274 275
533 274 292
534 275 276
535 275 293
536 276 277
537 276 294
538 277 278
539 277 295
540 278 279
541 278 296
542 279 280
543 279 297
544 280 281
545 280 298
546 281 282
547 281 299
548 282 283
549 282 300
550 283 284
551 283 301
552 284 285
553 284 302
554 285 286
555 285 303
556 286 287
557 286 304
558 287 288
559 287 305
560 288 306
561 289 290
562 289 307
563 290 291
564 290 308
565 291 292
566 291 309
567 292 293
568 292 310
569 293 294
570 293 311
571 294 295
572 294 312
573 295 296
574 295 313
575 296 297
576 296 314
577 297 298
578 297 315
579 298 299
580 298 316
581 299 300
582 299 317
583 300 301
584 300 318
585 301 302
586 301 319
587 302 303
588 302 320
589 303 304
590 303 321
591 304 305
592 304 322
593 305 306
594 305 323
595 306 324
596 307 308
597 308 309
598 309 310
599 310 311
600 311 312
601 312 313
602 313 314
603 314 315
604 315 316
605 316 317
606 317 318
607 318 319
608 319 320
609 320 321
610 321 322
611 322 323
612 323 324
