graph 577 1104
1 1 2
2 1 25
3 2 3
4 2 26
5 3 4
6 3 27
7 4 5
8 4 28
9 5 6
10 5 29
11 6 7
12 6 30
13 7 8
14 7 31
15 8 9
16 8 32
17 9 10
18 9 33
19 10 11
20 10 34
21 11 12
22 11 35
23 12 13
24 12 36
25 13 14
26 13 37
27 14 15
28 14 38
29 15 16
30 15 39
31 16 17
32 16 40
33 17 18
34 17 41
35 18 19
36 18 42
37 19 20
38 19 43
39 20 21
40 20 44
41 21 22
42 21 45
43 22 23
44 22 46
45 23 24
46 23 47
47 24 48
48 25 26
49 25 49
50 26 27
51 26 50
52 27 28
53 27 51
54 28 29
55 28 52
56 29 30
57 29 53
58 30 31
59 30 54
60 31 32
61 31 55
62 32 33
63 32 56
64 33 34
65 33 57
66 34 35
67 34 58
68 35 36
69 35 59
70 36 37
71 36 60
72 37 38
73 37 61
74 38 39
75 38 62
76 39 40
77 39 63
78 40 41
79 40 64
80 41 42
81 41 65
82 42 43
83 42 66
84 43 44
85 43 67
86 44 45
87 44 68
88 45 46
89 45 69
90 46 47
91 46 70
92 47 48
93 47 71
94 48 72
95 49 50
96 49 73
97 50 51
98 50 74
99 51 52
100 51 75
101 52 53
102 52 76
103 53 54
104 53 77
105 54 55
106 54 78
107 55 56
108 55 79
109 56 57
110 56 80
111 57 58
112 57 81
113 58 59
114 58 82
115 59 60
116 59 83
117 60 61
118 60 84
119 61 62
120 61 85
121 62 63
122 62 86
123 63 64
124 63 87
125 64 65
126 64 88
127 65 66
128 65 89
129 66 67
130 66 90
131 67 68
132 67 91
133 68 69
134 68 92
135 69 70
136 69 93
137 70 71
138 70 94
139 71 72
140 71 95
141 72 96
142 73 74
143 73 97
144 74 75
145 74 98
146 75 76
147 75 99
148 76 77
149 76 100
150 77 78
151 77 101
152 78 79
153 78 102
154 79 80
155 79 103
156 80 81
157 80 104
158 81 82
159 81 105
160 82 83
161 82 106
162 83 84
163 83 107
164 84 85
165 84 108
166 85 86
167 85 109
168 86 87
169 86 110
170 87 88
171 87 111
172 88 89
173 88 112
174 89 90
175 89 113
176 90 91
177 90 114
178 91 92
179 91 115
180 92 93
181 92 116
182 93 94
183 93 117
184 94 95
185 94 118
186 95 96
187 95 119
188 96 120
189 97 98
190 97 121
191 98 99
192 98 122
193 99 100
194 99 123
195 100 101
196 100 124
197 101 102
198 101 125
199 102 103
200 102 126
201 103 104
202 103 127
203 104 105
204 104 128
205 105 106
206 105 129
207 106 107
208 106 130
209 107 108
210 107 131
211 108 109
212 108 132
213 109 110
214 109 133
215 110 111
216 110 134
217 111 112
218 111 135
219 112 113
220 112 136
221 113 114
222 113 137
223 114 115
224 114 138
225 115 116
226 115 139
227 116 117
228 116 140
229 117 118
230 117 141
231 118 119
232 118 142
233 119 120
234 119 143
235 120 144
236 121 122
237 121 145
238 122 123
239 122 146
240 123 124
241 123 147
242 124 125
243 124 148
244 125 126
245 125 149
246 126 127
247 126 150
248 127 128
249 127 151
250 128 129
251 128 152
252 129 130
253 129 153
254 130 131
255 130 154
256 131 132
257 131 155
258 132 133
259 132 156
260 133 134
261 133 157
262 134 135
263 134 158
264 135 136
265 135 159
266 136 137
267 136 160
268 137 138
269 137 161
270 138 139
271 138 162
272 139 140
273 139 163
274 140 141
275 140 164
276 141 142
277 141 165
278 142 143
279 142 166
280 143 144
281 143 167
282 144 168
283 145 146
284 145 169
285 146 147
286 146 170
287 147 148
288 147 171
289 148 149
290 148 172
291 149 150
292 149 173
293 150 151
294 150 174
295 151 152
296 151 175
297 152 153
298 152 176
299 153 154
300 153 177
301 154 155
302 154 178
303 155 156
304 155 179
305 156 157
306 156 180
307 157 158
308 157 181
309 158 159
310 158 182
311 159 160
312 159 183
313 160 161
314 160 184
315 161 162
316 161 185
317 162 163
318 162 186
319 163 164
320 163 187
321 164 165
322 164 188
323 165 166
324 165 189
325 166 167
326 166 190
327 167 168
328 167 191
329 168 192
330 169 170
331 169 193
332 170 171
333 170 194
334 171 172
335 171 195
336 172 173
337 172 196
338 173 174
339 173 197
340 174 175
341 174 198
342 175 176
343 175 199
344 176 177
345 176 200
346 177 178
347 177 201
348 178 179
349 178 202
350 179 180
351 179 203
352 180 181
353 180 204
354 181 182
355 181 205
356 182 183
357 182 206
358 183 184
359 183 207
360 184 185
361 184 208
362 185 186
363 185 209
364 186 187
365 186 210
366 187 188
367 187 211
368 188 189
369 188 212
370 189 190
371 189 213
372 190 191
373 190 214
374 191 192
375 191 215
376 192 216
377 193 194
378 193 217
379 194 195
380 194 218
381 195 196
382 195 219
383 196 197
384 196 220
385 197 198
386 197 221
387 198 199
388 198 222
389 199 200
390 199 223
391 200 201
392 200 224
393 201 202
394 201 225
395 202 203
396 202 226
397 203 204
398 203 227
399 204 205
400 204 228
401 205 206
402 205 229
403 206 207
404 206 230
405 207 208
406 207 231
407 208 209
408 208 232
409 209 210
410 209 233
411 210 211
412 210 234
413 211 212
414 211 235
415 212 213
416 212 236
417 213 214
418 213 237
419 214 215
420 214 238
421 215 216
422 215 239
423 216 240
424 217 218
425 217 241
426 218 219
427 218 242
428 219 220
429 219 243
430 220 221
431 220 244
432 221 222
433 221 245
434 222 223
435 222 246
436 223 224
437 223 247
438 224 225
439 224 248
440 225 226
441 225 249
442 226 227
443 226 250
444 227 228
445 227 251
446 228 229
447 228 252
448 229 230
449 229 253
450 230 231
451 230 254
452 231 232
453 231 255
454 232 233
455 232 256
456 233 234
457 233 257
458 234 235
459 234 258
460 235 236
461 235 259
462 236 237
463 236 260
464 237 238
465 237 261
466 238 239
467 238 262
468 239 240
469 239 263
470 240 264
471 241 242
472 241 265
473 242 243
474 242 266
475 243 244
476 243 267
477 244 245
478 244 268
479 245 246
480 245 269
481 246 247
482 246 270
483 247 248
484 247 271
485 248 249
486 248 272
487 249 250
488 249 273
489 250 251
490 250 274
491 251 252
492 251 275
493 252 253
494 252 276
495 253 254
496 253 277
497 254 255
498 254 278
499 255 256
500 255 279
501 256 257
502 256 280
503 257 258
504 257 281
505 258 259
506 258 282
507 259 260
508 259 283
509 260 261
510 260 284
511 261 262
512 261 285
513 262 263
514 262 286
515 263 264
516 263 287
517 264 288
518 265 266
519 265 289
520 266 267
521 266 290
522 267 268
523 267 291
524 268 269
525 268 292
526 269 270
527 269 293
528 270 271
529 270 294
530 271 272
531 271 295
532 272 273
533 272 296
534 273 274
535 273 297
536 274 275
537 274 298
538 275 276
539 275 299
540 276 277
541 276 300
542 277 278
543 277 301
544 278 279
545 278 302
546 279 280
547 279 303
548 280 281
549 280 304
550 281 282
551 281 305
552 282 283
553 282 306
554 283 284
555 283 307
556 284 285
557 284 308
558 285 286
559 285 309
560 286 287
561 286 310
562 287 288
563 287 311
564 288 312
565 289 290
566 289 313
567 290 291
568 290 314
569 291 292
570 291 315
571 292 293
572 292 316
573 293 294
574 293 317
575 294 295
576 294 318
577 295 296
578 295 319
579 296 297
580 296 320
581 297 298
582 297 321
583 298 299
584 298 322
585 299 300
586 299 323
587 300 301
588 300 324
589 301 302
590 301 325
591 302 303
592 302 326
593 303 304
594 303 327
595 304 305
596 304 328
597 305 306
598 305 329
599 306 307
600 306 330
601 307 308
602 307 331
603 308 309
604 308 332
605 309 310
606 309 333
607 310 311
608 310 334
609 311 312
610 311 335
611 312 336
612 313 314
613 313 337
614 314 315
615 314 338
616 315 316
617 315 339
618 316 317
619 316 340
620 317 318
621 317 341
622 318 319
623 318 342
624 319 320
625 319 343
626 320 321
627 320 344
628 321 322
629 321 345
630 322 323
631 322 346
632 323 324
633 323 347
634 324 325
635 324 348
636 325 326
637 325 349
638 326 327
639 326 350
640 327 328
641 327 351
642 328 329
643 328 352
644 329 330
645 329 353
646 330 331
647 330 354
648 331 332
649 331 355
650 332 333
651 332 356
652 333 334
653 333 357
654 334 335
655 334 358
656 335 336
657 335 359
658 336 360
659 337 338
660 337 361
661 338 339
662 338 362
663 339 340
664 339 363
665 340 341
666 340 364
667 341 342
668 341 365
669 342 343
670 342 366
671 343 344
672 343 367
673 344 345
674 344 368
675 345 346
676 345 369
677 346 347
678 346 370
679 347 348
680 347 371
681 348 349
682 348 372
683 349 350
684 349 373
685 350 351
686 350 374
687 351 352
688 351 375
689 352 353
690 352 376
691 353 354
692 353 377
693 354 355
694 354 378
695 355 356
696 355 379
697 356 357
698 356 380
699 357 358
700 357 381
701 358 359
702 358 382
703 359 360
704 359 383
705 360 384
706 361 362
707 361 385
708 362 363
709 362 386
710 363 364
711 363 387
712 364 365
713 364 388
714 365 366
715 365 389
716 366 367
717 366 390
718 367 368
719 367 391
720 368 369
721 368 392
722 369 370
723 369 393
724 370 371
725 370 394
726 371 372
727 371 395
728 372 373
729 372 396
730 373 374
731 373 397
732 374 375
733 374 398
734 375 376
735 375 399
736 376 377
737 376 400
738 377 378
739 377 401
740 378 379
741 378 402
742 379 380
743 379 403
744 380 381
745 380 404
746 381 382
747 381 405
748 382 383
749 382 406
750 383 384
751 383 407
752 384 408
753 385 386
754 385 409
755 386 387
756 386 410
757 387 388
758 387 411
759 388 389
760 388 412
761 389 390
762 389 413
763 390 391
764 390 414
765 391 392
766 391 415
767 392 393
768 392 416
769 393 394
770 393 417
771 394 395
772 394 418
773 395 396
774 395 419
775 396 397
776 396 420
777 397 398
778 397 421
779 398 399
780 398 422
781 399 400
782 399 423
783 400 401
784 400 424
785 401 402
786 401 425
787 402 403
788 402 426
789 403 404
790 403 427
791 404 405
792 404 428
793 405 406
794 405 429
795 406 407
796 406 430
797 407 408
798 407 431
799 408 432
800 409 410
801 409 433
802 410 411
803 410 434
804 411 412
805 411 435
806 412 413
807 412 436
808 413 414
809 413 437
810 414 415
811 414 438
812 415 416
813 415 439
814 416 417
815 416 440
816 417 418
817 417 441
818 418 419
819 418 442
820 419 420
821 419 443
822 420 421
823 420 444
824 421 422
825 421 445
826 422 423
827 422 446
828 423 424
829 423 447
830 424 425
831 424 448
832 425 426
833 425 449
834 426 427
835 426 450
836 427 428
837 427 451
838 428 429
839 428 452
840 429 430
841 429 453
842 430 431
843 430 454
844 431 432
845 431 455
846 432 456
847 433 434
848 433 457
849 434 435
850 434 458
851 435 436
852 435 459
853 436 437
854 436 460
855 437 438
856 437 461
857 438 439
858 438 462
859 439 440
860 439 463
861 440 441
862 440 464
863 441 442
864 441 465
865 442 443
866 442 466
867 443 444
868 443 467
869 444 445
870 444 468
871 445 446
872 445 469
873 446 447
874 446 470
875 447 448
876 447 471
877 448 449
878 448 472
879 449 450
880 449 473
881 450 451
882 450 474
883 451 452
884 451 475
885 452 453
886 452 476
887 453 454
888 453 477
889 454 455
890 454 478
891 455 456
892 455 479
893 456 480
894 457 458
895 457 481
896 458 459
897 458 482
898 459 460
899 459 483
900 460 461
901 460 484
902 461 462
903 461 485
904 462 463
905 462 486
906 463 464
907 463 487
908 464 465
909 464 488
910 465 466
911 465 489
912 466 467
913 466 490
914 467 468
915 467 491
916 468 469
917 468 492
918 469 470
919 469 493
920 470 471
921 470 494
922 471 472
923 471 495
924 472 473
925 472 496
926 473 474
927 473 497
928 474 475
929 474 498
930 475 476
931 475 499
932 476 477
933 476 500
934 477 478
935 477 501
936 478 479
937 478 502
938 479 480
939 479 503
940 480 504
941 481 482
942 481 505
943 482 483
944 482 506
945 483 484
946 483 507
947 484 485
948 484 508
949 485 486
950 485 509
951 486 487
952 486 510
953 487 488
954 487 511
955 488 489
956 488 512
957 489 490
958 489 513
959 490 491
960 490 514
961 491 492
962 491 515
963 492 493
964 492 516
965 493 494
966 493 517
967 494 495
968 494 518
969 495 496
970 495 519
971 496 497
972 496 520
973 497 498
974 497 521
975 498 499
976 498 522
977 499 500
978 499 523
979 500 501
980 500 524
981 501 502
982 501 525
983 502 503
984 502 526
985 503 504
986 503 527
987 504 528
988 505 506
989 505 529
990 506 507
991 506 530
992 507 508
993 507 531
994 508 509
995 508 532
996 509 510
997 509 533
998 510 511
999 510 534
1000 511 512
1001 511 535
1002 512 513
1003 512 536
1004 513 514
1005 513 537
1006 514 515
1007 514 538
1008 515 516
1009 515 539
1010 516 517
1011 516 540
1012 517 518
1013 517 541
1014 518 519
1015 518 542
1016 519 520
1017 519 543
1018 520 521
1019 520 544
1020 521 522
1021 521 545
1022 522 523
1023 522 546
1024 523 524
1025 523 547
1026 524 525
1027 524 548
1028 525 526
1029 525 549
1030 526 527
1031 526 550
1032 527 528
1033 527 551
1034 528 552
1035 529 530
1036 529 553
1037 530 531
1038 530 554
1039 531 532
1040 531 555
1041 532 533
1042 532 556
1043 533 534
1044 533 557
1045 534 535
1046 534 558
1047 535 536
1048 535 559
1049 536 537
1050 536 560
1051 537 538
1052 537 561
1053 538 539
1054 538 562
1055 539 540
1056 539 563
1057 540 541
1058 540 564
1059 541 542
1060 541 565
1061 542 543
1062 542 566
1063 543 544
1064 543 567
1065 544 545
1066 544 568
1067 545 546
1068 545 569
1069 546 547
1070 546 570
1071 547 548
1072 547 571
1073 548 549
1074 548 572
1075 549 550
1076 549 573
1077 550 551
1078 550 574
1079 551 552
1080 551 575
1081 552 576
1082 553 554
1083 554 555
1084 555 556
1085 556 557
1086 557 558
1087 558 559
1088 559 560
1089 560 561
1090 561 562
1091 562 563
1092 563 564
1093 564 565
1094 565 566
1095 566 567
1096 567 568
1097 568 569
1098 569 570
1099 570 571
1100 571 572
1101 572 573
1102 573 574
1103 574 575
1104 575 576
