graph 901 1740
1 1 2
2 1 31
3 2 3
4 2 32
5 3 4
6 3 33
7 4 5
8 4 34
9 5 6
10 5 35
11 6 7
12 6 36
13 7 8
14 7 37
15 8 9
16 8 38
17 9 10
18 9 39
19 10 11
20 10 40
21 11 12
22 11 41
23 12 13
24 12 42
25 13 14
26 13 43
27 14 15
28 14 44
29 15 16
30 15 45
31 16 17
32 16 46
33 17 18
34 17 47
35 18 19
36 18 48
37 19 20
38 19 49
39 20 21
40 20 50
41 21 22
42 21 51
43 22 23
44 22 52
45 23 24
46 23 53
47 24 25
48 24 54
49 25 26
50 25 55
51 26 27
52 26 56
53 27 28
54 27 57
55 28 29
56 28 58
57 29 30
58 29 59
59 30 60
60 31 32
61 31 61
62 32 33
63 32 62
64 33 34
65 33 63
66 34 35
67 34 64
68 35 36
69 35 65
70 36 37
71 36 66
72 37 38
73 37 67
74 38 39
75 38 68
76 39 40
77 39 69
78 40 41
79 40 70
80 41 42
81 41 71
82 42 43
83 42 72
84 43 44
85 43 73
86 44 45
87 44 74
88 45 46
89 45 75
90 46 47
91 46 76
92 47 48
93 47 77
94 48 49
95 48 78
96 49 50
97 49 79
98 50 51
99 50 80
100 51 52
101 51 81
102 52 53
103 52 82
104 53 54
105 53 83
106 54 55
107 54 84
108 55 56
109 55 85
110 56 57
111 56 86
112 57 58
113 57 87
114 58 59
115 58 88
116 59 60
117 59 89
118 60 90
119 61 62
120 61 91
121 62 63
122 62 92
123 63 64
124 63 93
125 64 65
126 64 94
127 65 66
128 65 95
129 66 67
130 66 96
131 67 68
132 67 97
133 68 69
134 68 98
135 69 70
136 69 99
137 70 71
138 70 100
139 71 72
140 71 101
141 72 73
142 72 102
143 73 74
144 73 103
145 74 75
146 74 104
147 75 76
148 75 105
149 76 77
150 76 106
151 77 78
152 77 107
153 78 79
154 78 108
155 79 80
156 79 109
157 80 81
158 80 110
159 81 82
160 81 111
161 82 83
162 82 112
163 83 84
164 83 113
165 84 85
166 84 114
167 85 86
168 85 115
169 86 87
170 86 116
171 87 88
172 87 117
173 88 89
174 88 118
175 89 90
176 89 119
177 90 120
178 91 92
179 91 121
180 92 93
181 92 122
182 93 94
183 93 123
184 94 95
185 94 124
186 95 96
187 95 125
188 96 97
189 96 126
190 97 98
191 97 127
192 98 99
193 98 128
194 99 100
195 99 129
196 100 101
197 100 130
198 101 102
199 101 131
200 102 103
201 102 132
202 103 104
203 103 133
204 104 105
205 104 134
206 105 106
207 105 135
208 106 107
209 106 136
210 107 108
211 107 137
212 108 109
213 108 138
214 109 110
215 109 139
216 110 111
217 110 140
218 111 112
219 111 141
220 112 113
221 112 142
222 113 114
223 113 143
224 114 115
225 114 144
226 115 116
227 115 145
228 116 117
229 116 146
230 117 118
231 117 147
232 118 119
233 118 148
234 119 120
235 119 149
236 120 150
237 121 122
238 121 151
239 122 123
240 122 152
241 123 124
242 123 153
243 124 125
244 124 154
245 125 126
246 125 155
247 126 127
248 126 156
249 127 128
250 127 157
251 128 129
252 128 158
253 129 130
254 129 159
255 130 131
256 130 160
257 131 132
258 131 161
259 132 133
260 132 162
261 133 134
262 133 163
263 134 135
264 134 164
265 135 136
266 135 165
267 136 137
268 136 166
269 137 138
270 137 167
271 138 139
272 138 168
273 139 140
274 139 169
275 140 141
276 140 170
277 141 142
278 141 171
279 142 143
280 142 172
281 143 144
282 143 173
283 144 145
284 144 174
285 145 146
286 145 175
287 146 147
288 146 176
289 147 148
290 147 177
291 148 149
292 148 178
293 149 150
294 149 179
295 150 180
296 151 152
297 151 181
298 152 153
299 152 182
300 153 154
301 153 183
302 154 155
303 154 184
304 155 156
305 155 185
306 156 157
307 156 186
308 157 158
309 157 187
310 158 159
311 158 188
312 159 160
313 159 189
314 160 161
315 160 190
316 161 162
317 161 191
318 162 163
319 162 192
320 163 164
321 163 193
322 164 165
323 164 194
324 165 166
325 165 195
326 166 167
327 166 196
328 167 168
329 167 197
330 168 169
331 168 198
332 169 170
333 169 199
334 170 171
335 170 200
336 171 172
337 171 201
338 172 173
339 172 202
340 173 174
341 173 203
342 174 175
343 174 204
344 175 176
345 175 205
346 176 177
347 176 206
348 177 178
349 177 207
350 178 179
351 178 208
352 179 180
353 179 209
354 180 210
355 181 182
356 181 211
357 182 183
358 182 212
359 183 184
360 183 213
361 184 185
362 184 214
363 185 186
364 185 215
365 186 187
366 186 216
367 187 188
368 187 217
369 188 189
370 188 218
371 189 190
372 189 219
373 190 191
374 190 220
375 191 192
376 191 221
377 192 193
378 192 222
379 193 194
380 193 223
381 194 195
382 194 224
383 195 196
384 195 225
385 196 197
386 196 226
387 197 198
388 197 227
389 198 199
390 198 228
391 199 200
392 199 229
393 200 201
394 200 230
395 201 202
396 201 231
397 202 203
398 202 232
399 203 204
400 203 233
401 204 205
402 204 234
403 205 206
404 205 235
405 206 207
406 206 236
407 207 208
408 207 237
409 208 209
410 208 238
411 209 210
412 209 239
413 210 240
414 211 212
415 211 241
416 212 213
417 212 242
418 213 214
419 213 243
420 214 215
421 214 244
422 215 216
423 215 245
424 216 217
425 216 246
426 217 218
427 217 247
428 218 219
429 218 248
430 219 220
431 219 249
432 220 221
433 220 250
434 221 222
435 221 251
436 222 223
437 222 252
438 223 224
439 223 253
440 224 225
441 224 254
442 225 226
443 225 255
444 226 227
445 226 256
446 227 228
447 227 257
448 228 229
449 228 258
450 229 230
451 229 259
452 230 231
453 230 260
454 231 232
455 231 261
456 232 233
457 232 262
458 233 234
459 233 263
460 234 235
461 234 264
462 235 236
463 235 265
464 236 237
465 236 266
466 237 238
467 237 267
468 238 239
469 238 268
470 239 240
471 239 269
472 240 270
473 241 242
474 241 271
475 242 243
476 242 272
477 243 244
478 243 273
479 244 245
480 244 274
481 245 246
482 245 275
483 246 247
484 246 276
485 247 248
486 247 277
487 248 249
488 248 278
489 249 250
490 249 279
491 250 251
492 250 280
493 251 252
494 251 281
495 252 253
496 252 282
497 253 254
498 253 283
499 254 255
500 254 284
501 255 256
502 255 285
503 256 257
504 256 286
505 257 258
506 257 287
507 258 259
508 258 288
509 259 260
510 259 289
511 260 261
512 260 290
513 261 262
514 261 291
515 262 263
516 262 292
517 263 264
518 263 293
519 264 265
520 264 294
521 265 266
522 265 295
523 266 267
524 266 296
525 267 268
526 267 297
527 268 269
528 268 298
529 269 270
530 269 299
531 270 300
532 271 272
533 271 301
534 272 273
535 272 302
536 273 274
537 273 303
538 274 275
539 274 304
540 275 276
541 275 305
542 276 277
543 276 306
544 277 278
545 277 307
546 278 279
547 278 308
548 279 280
549 279 309
550 280 281
551 280 310
552 281 282
553 281 311
554 282 283
555 282 312
556 283 284
557 283 313
558 284 285
559 284 314
560 285 286
561 285 315
562 286 287
563 286 316
564 287 288
565 287 317
566 288 289
567 288 318
568 289 290
569 289 319
570 290 291
571 290 320
572 291 292
573 291 321
574 292 293
575 292 322
576 293 294
577 293 323
578 294 295
579 294 324
580 295 296
581 295 325
582 296 297
583 296 326
584 297 298
585 297 327
586 298 299
587 298 328
588 299 300
589 299 329
590 300 330
591 301 302
592 301 331
593 302 303
594 302 332
595 303 304
596 303 333
597 304 305
598 304 334
599 305 306
600 305 335
601 306 307
602 306 336
603 307 308
604 307 337
605 308 309
606 308 338
607 309 310
608 309 339
609 310 311
610 310 340
611 311 312
612 311 341
613 312 313
614 312 342
615 313 314
616 313 343
617 314 315
618 314 344
619 315 316
620 315 345
621 316 317
622 316 346
623 317 318
624 317 347
625 318 319
626 318 348
627 319 320
628 319 349
629 320 321
630 320 350
631 321 322
632 321 351
633 322 323
634 322 352
635 323 324
636 323 353
637 324 325
638 324 354
639 325 326
640 325 355
641 326 327
642 326 356
643 327 328
644 327 357
645 328 329
646 328 358
647 329 330
648 329 359
649 330 360
650 331 332
651 331 361
652 332 333
653 332 362
654 333 334
655 333 363
656 334 335
657 334 364
658 335 336
659 335 365
660 336 337
661 336 366
662 337 338
663 337 367
664 338 339
665 338 368
666 339 340
667 339 369
668 340 341
669 340 370
670 341 342
671 341 371
672 342 343
673 342 372
674 343 344
675 343 373
676 344 345
677 344 374
678 345 346
679 345 375
680 346 347
681 346 376
682 347 348
683 347 377
684 348 349
685 348 378
686 349 350
687 349 379
688 350 351
689 350 380
690 351 352
691 351 381
692 352 353
693 352 382
694 353 354
695 353 383
696 354 355
697 354 384
698 355 356
699 355 385
700 356 357
701 356 386
702 357 358
703 357 387
704 358 359
705 358 388
706 359 360
707 359 389
708 360 390
709 361 362
710 361 391
711 362 363
712 362 392
713 363 364
714 363 393
715 364 365
716 364 394
717 365 366
718 365 395
719 366 367
720 366 396
721 367 368
722 367 397
723 368 369
724 368 398
725 369 370
726 369 399
727 370 371
728 370 400
729 371 372
730 371 401
731 372 373
732 372 402
733 373 374
734 373 403
735 374 375
736 374 404
737 375 376
738 375 405
739 376 377
740 376 406
741 377 378
742 377 407
743 378 379
744 378 408
745 379 380
746 379 409
747 380 381
748 380 410
749 381 382
750 381 411
751 382 383
752 382 412
753 383 384
754 383 413
755 384 385
756 384 414
757 385 386
758 385 415
759 386 387
760 386 416
761 387 388
762 387 417
763 388 389
764 388 418
765 389 390
766 389 419
767 390 420
768 391 392
769 391 421
770 392 393
771 392 422
772 393 394
773 393 423
774 394 395
775 394 424
776 395 396
777 395 425
778 396 397
779 396 426
780 397 398
781 397 427
782 398 399
783 398 428
784 399 400
785 399 429
786 400 401
787 400 430
788 401 402
789 401 431
790 402 403
791 402 432
792 403 404
793 403 433
794 404 405
795 404 434
796 405 406
797 405 435
798 406 407
799 406 436
800 407 408
801 407 437
802 408 409
803 408 438
804 409 410
805 409 439
806 410 411
807 410 440
808 411 412
809 411 441
810 412 413
811 412 442
812 413 414
813 413 443
814 414 415
815 414 444
816 415 416
817 415 445
818 416 417
819 416 446
820 417 418
821 417 447
822 418 419
823 418 448
824 419 420
825 419 449
826 420 450
827 421 422
828 421 451
829 422 423
830 422 452
831 423 424
832 423 453
833 424 425
834 424 454
835 425 426
836 425 455
837 426 427
838 426 456
839 427 428
840 427 457
841 428 429
842 428 458
843 429 430
844 429 459
845 430 431
846 430 460
847 431 432
848 431 461
849 432 433
850 432 462
851 433 434
852 433 463
853 434 435
854 434 464
855 435 436
856 435 465
857 436 437
858 436 466
859 437 438
860 437 467
861 438 439
862 438 468
863 439 440
864 439 469
865 440 441
866 440 470
867 441 442
868 441 471
869 442 443
870 442 472
871 443 444
872 443 473
873 444 445
874 444 474
875 445 446
876 445 475
877 446 447
878 446 476
879 447 448
880 447 477
881 448 449
882 448 478
883 449 450
884 449 479
885 450 480
886 451 452
887 451 481
888 452 453
889 452 482
890 453 454
891 453 483
892 454 455
893 454 484
894 455 456
895 455 485
896 456 457
897 456 486
898 457 458
899 457 487
900 458 459
901 458 488
902 459 460
903 459 489
904 460 461
905 460 490
906 461 462
907 461 491
908 462 463
909 462 492
910 463 464
911 463 493
912 464 465
913 464 494
914 465 466
915 465 495
916 466 467
917 466 496
918 467 468
919 467 497
920 468 469
921 468 498
922 469 470
923 469 499
924 470 471
925 470 500
926 471 472
927 471 501
928 472 473
929 472 502
930 473 474
931 473 503
932 474 475
933 474 504
934 475 476
935 475 505
936 476 477
937 476 506
938 477 478
939 477 507
940 478 479
941 478 508
942 479 480
943 479 509
944 480 510
945 481 482
946 481 511
947 482 483
948 482 512
949 483 484
950 483 513
951 484 485
952 484 514
953 485 486
954 485 515
955 486 487
956 486 516
957 487 488
958 487 517
959 488 489
960 488 518
961 489 490
962 489 519
963 490 491
964 490 520
965 491 492
966 491 521
967 492 493
968 492 522
969 493 494
970 493 523
971 494 495
972 494 524
973 495 496
974 495 525
975 496 497
976 496 526
977 497 498
978 497 527
979 498 499
980 498 528
981 499 500
982 499 529
983 500 501
984 500 530
985 501 502
986 501 531
987 502 503
988 502 532
989 503 504
990 503 533
991 504 505
992 504 534
993 505 506
994 505 535
995 506 507
996 506 536
997 507 508
998 507 537
999 508 509
1000 508 538
1001 509 510
1002 509 539
1003 510 540
1004 511 512
1005 511 541
1006 512 513
1007 512 542
1008 513 514
1009 513 543
1010 514 515
1011 514 544
1012 515 516
1013 515 545
1014 516 517
1015 516 546
1016 517 518
1017 517 547
1018 518 519
1019 518 548
1020 519 520
1021 519 549
1022 520 521
1023 520 550
1024 521 522
1025 521 551
1026 522 523
1027 522 552
1028 523 524
1029 523 553
1030 524 525
1031 524 554
1032 525 526
1033 525 555
1034 526 527
1035 526 556
1036 527 528
1037 527 557
1038 528 529
1039 528 558
1040 529 530
1041 529 559
1042 530 531
1043 530 560
1044 531 532
1045 531 561
1046 532 533
1047 532 562
1048 533 534
1049 533 563
1050 534 535
1051 534 564
1052 535 536
1053 535 565
1054 536 537
1055 536 566
1056 537 538
1057 537 567
1058 538 539
1059 538 568
1060 539 540
1061 539 569
1062 540 570
1063 541 542
1064 541 571
1065 542 543
1066 542 572
1067 543 544
1068 543 573
1069 544 545
1070 544 574
1071 545 546
1072 545 575
1073 546 547
1074 546 576
1075 547 548
1076 547 577
1077 548 549
1078 548 578
1079 549 550
1080 549 579
1081 550 551
1082 550 580
1083 551 552
1084 551 581
1085 552 553
1086 552 582
1087 553 554
1088 553 583
1089 554 555
1090 554 584
1091 555 556
1092 555 585
1093 556 557
1094 556 586
1095 557 558
1096 557 587
1097 558 559
1098 558 588
1099 559 560
1100 559 589
1101 560 561
1102 560 590
1103 561 562
1104 561 591
1105 562 563
1106 562 592
1107 563 564
1108 563 593
1109 564 565
1110 564 594
1111 565 566
1112 565 595
1113 566 567
1114 566 596
1115 567 568
1116 567 597
1117 568 569
1118 568 598
1119 569 570
1120 569 599
1121 570 600
1122 571 572
1123 571 601
1124 572 573
1125 572 602
1126 573 574
1127 573 603
1128 574 575
1129 574 604
1130 575 576
1131 575 605
1132 576 577
1133 576 606
1134 577 578
1135 577 607
1136 578 579
1137 578 608
1138 579 580
1139 579 609
1140 580 581
1141 580 610
1142 581 582
1143 581 611
1144 582 583
1145 582 612
1146 583 584
1147 583 613
1148 584 585
1149 584 614
1150 585 586
1151 585 615
1152 586 587
1153 586 616
1154 587 588
1155 587 617
1156 588 589
1157 588 618
1158 589 590
1159 589 619
1160 590 591
1161 590 620
1162 591 592
1163 591 621
1164 592 593
1165 592 622
1166 593 594
1167 593 623
1168 594 595
1169 594 624
1170 595 596
1171 595 625
1172 596 597
1173 596 626
1174 597 598
1175 597 627
1176 598 599
1177 598 628
1178 599 600
1179 599 629
1180 600 630
1181 601 602
1182 601 631
1183 602 603
1184 602 632
1185 603 604
1186 603 633
1187 604 605
1188 604 634
1189 605 606
1190 605 635
1191 606 607
1192 606 636
1193 607 608
1194 607 637
1195 608 609
1196 608 638
1197 609 610
1198 609 639
1199 610 611
1200 610 640
1201 611 612
1202 611 641
1203 612 613
1204 612 642
1205 613 614
1206 613 643
1207 614 615
1208 614 644
1209 615 616
1210 615 645
1211 616 617
1212 616 646
1213 617 618
1214 617 647
1215 618 619
1216 618 648
1217 619 620
1218 619 649
1219 620 621
1220 620 650
1221 621 622
1222 621 651
1223 622 623
1224 622 652
1225 623 624
1226 623 653
1227 624 625
1228 624 654
1229 625 626
1230 625 655
1231 626 627
1232 626 656
1233 627 628
1234 627 657
1235 628 629
1236 628 658
1237 629 630
1238 629 659
1239 630 660
1240 631 632
1241 631 661
1242 632 633
1243 632 662
1244 633 634
1245 633 663
1246 634 635
1247 634 664
1248 635 636
1249 635 665
1250 636 637
1251 636 666
1252 637 638
1253 637 667
1254 638 639
1255 638 668
1256 639 640
1257 639 669
1258 640 641
1259 640 670
1260 641 642
1261 641 671
1262 642 643
1263 642 672
1264 643 644
1265 643 673
1266 644 645
1267 644 674
1268 645 646
1269 645 675
1270 646 647
1271 646 676
1272 647 648
1273 647 677
1274 648 649
1275 648 678
1276 649 650
1277 649 679
1278 650 651
1279 650 680
1280 651 652
1281 651 681
1282 652 653
1283 652 682
1284 653 654
1285 653 683
1286 654 655
1287 654 684
1288 655 656
1289 655 685
1290 656 657
1291 656 686
1292 657 658
1293 657 687
1294 658 659
1295 658 688
1296 659 660
1297 659 689
1298 660 690
1299 661 662
1300 661 691
1301 662 663
1302 662 692
1303 663 664
1304 663 693
1305 664 665
1306 664 694
1307 665 666
1308 665 695
1309 666 667
1310 666 696
1311 667 668
1312 667 697
1313 668 669
1314 668 698
1315 669 670
1316 669 699
1317 670 671
1318 670 700
1319 671 672
1320 671 701
1321 672 673
1322 672 702
1323 673 674
1324 673 703
1325 674 675
1326 674 704
1327 675 676
1328 675 705
1329 676 677
1330 676 706
1331 677 678
1332 677 707
1333 678 679
1334 678 708
1335 679 680
1336 679 709
1337 680 681
1338 680 710
1339 681 682
1340 681 711
1341 682 683
1342 682 712
1343 683 684
1344 683 713
1345 684 685
1346 684 714
1347 685 686
1348 685 715
1349 686 687
1350 686 716
1351 687 688
1352 687 717
1353 688 689
1354 688 718
1355 689 690
1356 689 719
1357 690 720
1358 691 692
1359 691 721
1360 692 693
1361 692 722
1362 693 694
1363 693 723
1364 694 695
1365 694 724
1366 695 696
1367 695 725
1368 696 697
1369 696 726
1370 697 698
1371 697 727
1372 698 699
1373 698 728
1374 699 700
1375 699 729
1376 700 701
1377 700 730
1378 701 702
1379 701 731
1380 702 703
1381 702 732
1382 703 704
1383 703 733
1384 704 705
1385 704 734
1386 705 706
1387 705 735
1388 706 707
1389 706 736
1390 707 708
1391 707 737
1392 708 709
1393 708 738
1394 709 710
1395 709 739
1396 710 711
1397 710 740
1398 711 712
1399 711 741
1400 712 713
1401 712 742
1402 713 714
1403 713 743
1404 714 715
1405 714 744
1406 715 716
1407 715 745
1408 716 717
1409 716 746
1410 717 718
1411 717 747
1412 718 719
1413 718 748
1414 719 720
1415 719 749
1416 720 750
1417 721 722
1418 721 751
1419 722 723
1420 722 752
1421 723 724
1422 723 753
1423 724 725
1424 724 754
1425 725 726
1426 725 755
1427 726 727
1428 726 756
1429 727 728
1430 727 757
1431 728 729
1432 728 758
1433 729 730
1434 729 759
1435 730 731
1436 730 760
1437 731 732
1438 731 761
1439 732 733
1440 732 762
1441 733 734
1442 733 763
1443 734 735
1444 734 764
1445 735 736
1446 735 765
1447 736 737
1448 736 766
1449 737 738
1450 737 767
1451 738 739
1452 738 768
1453 739 740
1454 739 769
1455 740 741
1456 740 770
1457 741 742
1458 741 771
1459 742 743
1460 742 772
1461 743 744
1462 743 773
1463 744 745
1464 744 774
1465 745 746
1466 745 775
1467 746 747
1468 746 776
1469 747 748
1470 747 777
1471 748 749
1472 748 778
1473 749 750
1474 749 779
1475 750 780
1476 751 752
1477 751 781
1478 752 753
1479 752 782
1480 753 754
1481 753 783
1482 754 755
1483 754 784
1484 755 756
1485 755 785
1486 756 757
1487 756 786
1488 757 758
1489 757 787
1490 758 759
1491 758 788
1492 759 760
1493 759 789
1494 760 761
1495 760 790
1496 761 762
1497 761 791
1498 762 763
1499 762 792
1500 763 764
1501 763 793
1502 764 765
1503 764 794
1504 765 766
1505 765 795
1506 766 767
1507 766 796
1508 767 768
1509 767 797
1510 768 769
1511 768 798
1512 769 770
1513 769 799
1514 770 771
1515 770 800
1516 771 772
1517 771 801
1518 772 773
1519 772 802
1520 773 774
1521 773 803
1522 774 775
1523 774 804
1524 775 776
1525 775 805
1526 776 777
1527 776 806
1528 777 778
1529 777 807
1530 778 779
1531 778 808
1532 779 780
1533 779 809
1534 780 810
1535 781 782
1536 781 811
1537 782 783
1538 782 812
1539 783 784
1540 783 813
1541 784 785
1542 784 814
1543 785 786
1544 785 815
1545 786 787
1546 786 816
1547 787 788
1548 787 817
1549 788 789
1550 788 818
1551 789 790
1552 789 819
1553 790 791
1554 790 820
1555 791 792
1556 791 821
1557 792 793
1558 792 822
1559 793 794
1560 793 823
1561 794 795
1562 794 824
1563 795 796
1564 795 825
1565 796 797
1566 796 826
1567 797 798
1568 797 827
1569 798 799
1570 798 828
1571 799 800
1572 799 829
1573 800 801
1574 800 830
1575 801 802
1576 801 831
1577 802 803
1578 802 832
1579 803 804
1580 803 833
1581 804 805
1582 804 834
1583 805 806
1584 805 835
1585 806 807
1586 806 836
1587 807 808
1588 807 837
1589 808 809
1590 808 838
1591 809 810
1592 809 839
1593 810 840
1594 811 812
1595 811 841
1596 812 813
1597 812 842
1598 813 814
1599 813 843
1600 814 815
1601 814 844
1602 815 816
1603 815 845
1604 816 817
1605 816 846
1606 817 818
1607 817 847
1608 818 819
1609 818 848
1610 819 820
1611 819 849
1612 820 821
1613 820 850
1614 821 822
1615 821 851
1616 822 823
1617 822 852
1618 823 824
1619 823 853
1620 824 825
1621 824 854
1622 825 826
1623 825 855
1624 826 827
1625 826 856
1626 827 828
1627 827 857
1628 828 829
1629 828 858
1630 829 830
1631 829 859
1632 830 831
1633 830 860
1634 831 832
1635 831 861
1636 832 833
1637 832 862
1638 833 834
1639 833 863
1640 834 835
1641 834 864
1642 835 836
1643 835 865
1644 836 837
1645 836 866
1646 837 838
1647 837 867
1648 838 839
1649 838 868
1650 839 840
1651 839 869
1652 840 870
1653 841 842
1654 841 871
1655 842 843
1656 842 872
1657 843 844
1658 843 873
1659 844 845
1660 844 874
1661 845 846
1662 845 875
1663 846 847
1664 846 876
1665 847 848
1666 847 877
1667 848 849
1668 848 878
1669 849 850
1670 849 879
1671 850 851
1672 850 880
1673 851 852
1674 851 881
1675 852 853
1676 852 882
1677 853 854
1678 853 883
1679 854 855
1680 854 884
1681 855 856
1682 855 885
1683 856 857
1684 856 886
1685 857 858
1686 857 887
1687 858 859
1688 858 888
1689 859 860
1690 859 889
1691 860 861
1692 860 890
1693 861 862
1694 861 891
1695 862 863
1696 862 892
1697 863 864
1698 863 893
1699 864 865
1700 864 894
1701 865 866
1702 865 895
1703 866 867
1704 866 896
1705 867 868
1706 867 897
1707 868 869
1708 868 898
1709 869 870
1710 869 899
1711 870 900
1712 871 872
1713 872 873
1714 873 874
1715 874 875
1716 875 876
1717 876 877
1718 877 878
1719 878 879
1720 879 880
1721 880 881
1722 881 882
1723 882 883
1724 883 884
1725 884 885
1726 885 886
1727 886 887
1728 887 888
1729 888 889
1730 889 890
1731 890 891
1732 891 892
1733 892 893
1734 893 894
1735 894 895
1736 895 896
1737 896 897
1738 897 898
1739 898 899
1740 899 900
