graph 100 140
1 3 40 
2 3 34 
3 34 4 
4 1 55 
5 55 6 
6 4 35 
7 36 11 
8 36 12 
9 4 41 
10 41 7 
11 37 9 
12 37 8 
13 43 10 
14 10 44 
15 44 4 
16 7 45 
17 38 13 
18 7 42 
19 11 47 
20 47 16 
21 47 20 
22 14 49 
23 50 18 
24 50 27 
25 27 64 
26 64 28 
27 64 29 
28 51 3 
29 51 14 
30 52 23 
31 58 31 
32 33 59 
33 59 25 
34 60 25 
35 57 25 
36 24 62 
37 62 22 
38 29 54 
39 54 21 
40 27 53 
41 7 46 
42 46 19 
43 3 0 
44 1 0 
45 48 11 
46 48 20 
47 65 22 
48 19 65 
49 21 65 
50 18 14 
51 31 30 
52 38 31 
53 10 33 
54 54 66 
55 66 31 
56 67 65 
57 49 65 
58 17 68 
59 69 50 
60 49 15 
61 33 1 
62 70 61 
63 71 36 
64 71 26 
65 4 39 
66 45 72 
67 72 14 
68 73 34 
69 73 1 
70 19 59 
71 17 7 
72 74 31 
73 75 69 
74 75 32 
75 75 61 
76 69 23 
77 76 45 
78 76 72 
79 76 27 
80 76 74 
81 76 5 
82 70 49 
83 77 9 
84 77 75 
85 77 44 
86 43 18 
87 68 78 
88 53 80 
89 80 21 
90 81 29 
91 81 20 
92 81 12 
93 19 72 
94 10 57 
95 34 0 
96 15 82 
97 82 48 
98 83 41 
99 83 58 
100 7 84 
101 84 37 
102 85 56 
103 85 41 
104 85 77 
105 85 24 
106 85 35 
107 1 86 
108 86 56 
109 87 74 
110 87 61 
111 58 68 
112 36 49 
113 57 86 
114 20 88 
115 88 65 
116 89 59 
117 23 6 
118 79 90 
119 91 32 
120 39 92 
121 92 2 
122 93 0 
123 93 66 
124 93 36 
125 44 82 
126 63 94 
127 94 20 
128 95 6 
129 95 91 
130 95 90 
131 58 14 
132 1 96 
133 96 60 
134 97 17 
135 97 96 
136 45 75 
137 39 12 
138 5 27 
139 49 98 
140 99 83 
