graph 100 139
1 0 8 
2 2 4 
3 2 9 
4 3 4 
5 4 5 
6 4 13 
7 4 14 
8 6 11 
9 8 9 
10 12 16 
11 17 22 
12 21 26 
13 22 18 
14 23 28 
15 24 33 
16 24 34 
17 27 32 
18 27 28 
19 29 43 
20 30 42 
21 30 26 
22 31 36 
23 32 36 
24 33 37 
25 35 43 
26 36 44 
27 36 45 
28 36 46 
29 36 47 
30 36 48 
31 38 45 
32 39 46 
33 40 47 
34 41 48 
35 49 50 
36 52 53 
37 53 19 
38 51 11 
39 20 54 
40 54 23 
41 55 54 
42 55 37 
43 55 53 
44 55 39 
45 56 1 
46 57 32 
47 58 49 
48 7 47 
49 24 59 
50 60 0 
51 60 10 
52 60 41 
53 60 9 
54 37 9 
55 36 61 
56 62 0 
57 62 30 
58 55 56 
59 51 63 
60 63 27 
61 64 17 
62 64 50 
63 31 6 
64 12 65 
65 66 56 
66 66 10 
67 27 33 
68 68 36 
69 68 46 
70 69 37 
71 70 41 
72 70 42 
73 28 71 
74 72 37 
75 51 67 
76 46 18 
77 15 73 
78 74 0 
79 4 23 
80 75 40 
81 76 55 
82 76 43 
83 76 36 
84 76 27 
85 76 30 
86 62 75 
87 34 77 
88 77 38 
89 78 75 
90 79 34 
91 79 17 
92 76 80 
93 80 25 
94 81 9 
95 13 16 
96 82 11 
97 76 83 
98 83 82 
99 84 59 
100 71 85 
101 85 30 
102 86 44 
103 86 13 
104 86 82 
105 86 47 
106 86 56 
107 86 24 
108 86 14 
109 86 7 
110 45 35 
111 13 87 
112 88 69 
113 89 53 
114 54 38 
115 68 90 
116 90 20 
117 91 89 
118 45 17 
119 18 92 
120 7 83 
121 93 13 
122 3 26 
123 15 74 
124 26 94 
125 94 35 
126 95 77 
127 95 42 
128 42 45 
129 92 96 
130 96 21 
131 97 64 
132 97 32 
133 97 7 
134 33 43 
135 84 98 
136 98 82 
137 99 95 
138 99 12 
139 99 89 
