graph 100 132
1 3 43 
2 43 2 
3 3 44 
4 3 37 
5 37 4 
6 37 5 
7 1 56 
8 56 6 
9 4 38 
10 12 39 
11 39 14 
12 4 45 
13 7 40 
14 40 9 
15 11 46 
16 46 4 
17 16 41 
18 41 15 
19 14 48 
20 48 22 
21 16 50 
22 51 20 
23 51 31 
24 23 61 
25 31 64 
26 64 32 
27 32 52 
28 12 53 
29 53 27 
30 13 58 
31 58 34 
32 59 29 
33 60 26 
34 1 57 
35 57 26 
36 28 62 
37 62 25 
38 34 63 
39 63 22 
40 55 34 
41 55 24 
42 31 54 
43 7 47 
44 47 21 
45 27 42 
46 29 42 
47 42 30 
48 19 15 
49 6 15 
50 17 49 
51 49 14 
52 49 22 
53 55 13 
54 66 34 
55 10 32 
56 66 24 
57 67 7 
58 68 25 
59 68 45 
60 48 42 
61 69 45 
62 2 56 
63 43 9 
64 18 50 
65 1 72 
66 72 0 
67 73 17 
68 27 61 
69 36 74 
70 75 31 
71 63 72 
72 20 76 
73 76 16 
74 77 21 
75 77 29 
76 77 49 
77 77 37 
78 59 55 
79 32 3 
80 78 71 
81 79 32 
82 79 33 
83 64 70 
84 54 80 
85 80 35 
86 81 56 
87 78 65 
88 83 49 
89 83 38 
90 83 72 
91 83 33 
92 32 37 
93 58 32 
94 54 84 
95 74 19 
96 84 86 
97 86 24 
98 87 8 
99 14 85 
100 88 29 
101 89 70 
102 89 57 
103 89 3 
104 71 90 
105 90 55 
106 91 84 
107 91 17 
108 91 82 
109 34 50 
110 92 87 
111 93 51 
112 93 84 
113 93 78 
114 93 65 
115 93 64 
116 62 27 
117 50 94 
118 94 23 
119 95 34 
120 95 66 
121 83 58 
122 63 79 
123 38 96 
124 96 12 
125 97 37 
126 97 41 
127 97 6 
128 17 46 
129 40 98 
130 98 8 
131 99 49 
132 39 84 
