graph 100 119
1 2 4 
2 2 9 
3 4 5 
4 4 12 
5 6 7 
6 11 7 
7 12 16 
8 13 17 
9 19 26 
10 20 27 
11 21 28 
12 22 23 
13 23 29 
14 24 34 
15 24 36 
16 27 32 
17 28 33 
18 28 29 
19 30 45 
20 31 26 
21 32 39 
22 33 39 
23 36 43 
24 37 44 
25 38 45 
26 39 46 
27 39 47 
28 39 48 
29 41 47 
30 42 49 
31 43 50 
32 51 52 
33 57 51 
34 34 51 
35 24 58 
36 45 56 
37 60 44 
38 11 1 
39 61 37 
40 61 30 
41 62 40 
42 62 32 
43 0 9 
44 61 63 
45 63 38 
46 64 54 
47 25 65 
48 65 30 
49 66 37 
50 39 16 
51 56 67 
52 67 42 
53 68 30 
54 68 63 
55 69 64 
56 70 20 
57 71 49 
58 71 45 
59 72 55 
60 73 26 
61 75 1 
62 75 37 
63 75 14 
64 40 36 
65 71 76 
66 76 20 
67 77 26 
68 50 17 
69 15 78 
70 78 70 
71 79 0 
72 79 32 
73 79 53 
74 25 44 
75 22 80 
76 80 49 
77 55 81 
78 81 16 
79 82 49 
80 27 64 
81 3 83 
82 83 32 
83 24 84 
84 84 35 
85 85 29 
86 3 32 
87 12 86 
88 86 59 
89 87 28 
90 6 54 
91 54 55 
92 53 52 
93 17 88 
94 89 74 
95 89 65 
96 6 90 
97 90 10 
98 91 1 
99 31 74 
100 8 92 
101 92 9 
102 93 55 
103 93 39 
104 93 28 
105 93 19 
106 15 94 
107 94 18 
108 95 46 
109 95 93 
110 95 90 
111 39 96 
112 96 49 
113 97 91 
114 11 27 
115 0 98 
116 98 8 
117 99 35 
118 99 24 
119 99 77 
