graph 100 136
1 2 39 
2 39 1 
3 2 40 
4 2 33 
5 33 3 
6 33 4 
7 34 11 
8 35 13 
9 3 41 
10 41 6 
11 36 8 
12 36 7 
13 6 43 
14 6 44 
15 6 42 
16 17 45 
17 46 19 
18 13 48 
19 48 18 
20 20 59 
21 26 61 
22 61 27 
23 61 28 
24 49 15 
25 10 50 
26 11 55 
27 55 30 
28 32 56 
29 57 25 
30 30 58 
31 58 22 
32 54 22 
33 24 60 
34 60 21 
35 28 52 
36 52 30 
37 26 51 
38 19 37 
39 21 37 
40 22 37 
41 24 38 
42 25 38 
43 2 0 
44 31 29 
45 30 29 
46 16 47 
47 47 19 
48 60 15 
49 47 62 
50 62 12 
51 63 17 
52 63 18 
53 20 64 
54 64 37 
55 65 8 
56 65 9 
57 65 14 
58 65 27 
59 61 66 
60 67 48 
61 67 28 
62 68 64 
63 3 69 
64 44 71 
65 71 9 
66 72 52 
67 72 51 
68 72 48 
69 72 68 
70 72 22 
71 19 22 
72 74 45 
73 51 36 
74 73 75 
75 75 3 
76 76 23 
77 76 38 
78 53 77 
79 77 5 
80 78 51 
81 78 16 
82 79 35 
83 80 11 
84 80 18 
85 81 49 
86 82 61 
87 83 59 
88 83 53 
89 83 29 
90 53 4 
91 70 84 
92 84 58 
93 85 67 
94 85 2 
95 54 5 
96 86 50 
97 87 21 
98 87 56 
99 9 57 
100 6 88 
101 89 26 
102 89 48 
103 60 38 
104 90 3 
105 91 84 
106 44 2 
107 6 92 
108 92 36 
109 93 13 
110 93 10 
111 93 63 
112 4 55 
113 85 94 
114 94 8 
115 95 68 
116 95 89 
117 95 0 
118 95 31 
119 35 78 
120 76 96 
121 96 90 
122 97 31 
123 97 51 
124 97 34 
125 97 77 
126 97 48 
127 97 75 
128 97 95 
129 97 43 
130 37 34 
131 87 98 
132 98 15 
133 99 25 
134 99 6 
135 86 19 
136 51 20 
