graph 145 264
1 1 2
2 1 13
3 2 3
4 2 14
5 3 4
6 3 15
7 4 5
8 4 16
9 5 6
10 5 17
11 6 7
12 6 18
13 7 8
14 7 19
15 8 9
16 8 20
17 9 10
18 9 21
19 10 11
20 10 22
21 11 12
22 11 23
23 12 24
24 13 14
25 13 25
26 14 15
27 14 26
28 15 16
29 15 27
30 16 17
31 16 28
32 17 18
33 17 29
34 18 19
35 18 30
36 19 20
37 19 31
38 20 21
39 20 32
40 21 22
41 21 33
42 22 23
43 22 34
44 23 24
45 23 35
46 24 36
47 25 26
48 25 37
49 26 27
50 26 38
51 27 28
52 27 39
53 28 29
54 28 40
55 29 30
56 29 41
57 30 31
58 30 42
59 31 32
60 31 43
61 32 33
62 32 44
63 33 34
64 33 45
65 34 35
66 34 46
67 35 36
68 35 47
69 36 48
70 37 38
71 37 49
72 38 39
73 38 50
74 39 40
75 39 51
76 40 41
77 40 52
78 41 42
79 41 53
80 42 43
81 42 54
82 43 44
83 43 55
84 44 45
85 44 56
86 45 46
87 45 57
88 46 47
89 46 58
90 47 48
91 47 59
92 48 60
93 49 50
94 49 61
95 50 51
96 50 62
97 51 52
98 51 63
99 52 53
100 52 64
101 53 54
102 53 65
103 54 55
104 54 66
105 55 56
106 55 67
107 56 57
108 56 68
109 57 58
110 57 69
111 58 59
112 58 70
113 59 60
114 59 71
115 60 72
116 61 62
117 61 73
118 62 63
119 62 74
120 63 64
121 63 75
122 64 65
123 64 76
124 65 66
125 65 77
126 66 67
127 66 78
128 67 68
129 67 79
130 68 69
131 68 80
132 69 70
133 69 81
134 70 71
135 70 82
136 71 72
137 71 83
138 72 84
139 73 74
140 73 85
141 74 75
142 74 86
143 75 76
144 75 87
145 76 77
146 76 88
147 77 78
148 77 89
149 78 79
150 78 90
151 79 80
152 79 91
153 80 81
154 80 92
155 81 82
156 81 93
157 82 83
158 82 94
159 83 84
160 83 95
161 84 96
162 85 86
163 85 97
164 86 87
165 86 98
166 87 88
167 87 99
168 88 89
169 88 100
170 89 90
171 89 101
172 90 91
173 90 102
174 91 92
175 91 103
176 92 93
177 92 104
178 93 94
179 93 105
180 94 95
181 94 106
182 95 96
183 95 107
184 96 108
185 97 98
186 97 109
187 98 99
188 98 110
189 99 100
190 99 111
191 100 101
192 100 112
193 101 102
194 101 113
195 102 103
196 102 114
197 103 104
198 103 115
199 104 105
200 104 116
201 105 106
202 105 117
203 106 107
204 106 118
205 107 108
206 107 119
207 108 120
208 109 110
209 109 121
210 110 111
211 110 122
212 111 112
213 111 123
214 112 113
215 112 124
216 113 114
217 113 125
218 114 115
219 114 126
220 115 116
221 115 127
222 116 117
223 116 128
224 117 118
225 117 129
226 118 119
227 118 130
228 119 120
229 119 131
230 120 132
231 121 122
232 121 133
233 122 123
234 122 134
235 123 124
236 123 135
237 124 125
238 124 136
239 125 126
240 125 137
241 126 127
242 126 138
243 127 128
244 127 139
245 128 129
246 128 140
247 129 130
248 129 141
249 130 131
250 130 142
251 131 132
252 131 143
253 132 144
254 133 134
255 134 135
256 135 136
257 136 137
258 137 138
259 138 139
260 139 140
261 140 141
262 141 142
263 142 143
264 143 144
